2.317449e-03
3.715903e-03
4.358907e-03
4.760903e-03
5.053426e-03
5.283674e-03
5.473704e-03
5.635588e-03
5.776654e-03
5.901688e-03
6.013989e-03
6.115931e-03
6.209276e-03
6.295370e-03
6.375267e-03
6.449804e-03
6.519659e-03
6.585389e-03
6.647457e-03
6.706250e-03
6.762100e-03
6.815288e-03
6.866057e-03
6.914619e-03
6.961158e-03
7.005838e-03
7.048801e-03
7.090176e-03
7.130075e-03
7.168601e-03
7.205845e-03
7.241891e-03
7.276813e-03
7.310680e-03
7.343553e-03
7.375490e-03
7.406542e-03
7.436758e-03
7.466181e-03
7.494852e-03
7.522808e-03
7.550085e-03
7.576715e-03
7.602727e-03
7.628150e-03
7.653011e-03
7.677333e-03
7.701139e-03
7.724451e-03
7.747289e-03
7.769672e-03
7.791618e-03
7.813143e-03
7.834264e-03
7.854995e-03
7.875350e-03
7.895344e-03
7.914988e-03
7.934294e-03
7.953275e-03
7.971940e-03
7.990301e-03
8.008366e-03
8.026146e-03
8.043649e-03
8.060884e-03
8.077859e-03
8.094582e-03
8.111059e-03
8.127298e-03
8.143307e-03
8.159091e-03
8.174656e-03
8.190009e-03
8.205155e-03
8.220100e-03
8.234849e-03
8.249408e-03
8.263780e-03
8.277971e-03
8.291986e-03
8.305828e-03
8.319501e-03
8.333011e-03
8.346361e-03
8.359554e-03
8.372594e-03
8.385484e-03
8.398229e-03
8.410832e-03
8.423294e-03
8.435620e-03
8.447813e-03
8.459875e-03
8.471809e-03
8.483618e-03
8.495305e-03
8.506871e-03
8.518320e-03
8.529654e-03
