QUAD  
1.000000 82.000000 0.0  1.000000 82.000000 0.0  -2.348548 79.000000 0.0  33.000000 79.000000 0.0 
96.500000 83.000000 0.0  -67.250000 83.000000 0.0  -67.250000 82.000000 0.0  96.500000 82.000000 0.0 
1.000000 82.000000 0.0  -67.250000 82.000000 0.0  -67.250000 21.750000 0.0  -66.250000 21.750000 0.0 
57.551472 21.750000 0.0  -67.250000 21.750000 0.0  -67.250000 12.000000 0.0  63.000000 12.000000 0.0 
63.000000 12.000000 0.0  -67.250000 12.000000 0.0  -67.250000 2.000000 0.0  69.000000 2.000000 0.0 
96.500000 2.000000 0.0  -67.250000 2.000000 0.0  -67.250000 -1.000000 0.0  96.500000 -1.000000 0.0 
1.000000 82.000000 0.0  1.000000 82.000000 0.0  -2.348548 79.000000 0.0  33.000000 79.000000 0.0 
33.000000 79.000000 0.0  -2.348548 79.000000 0.0  -11.836100 70.500000 0.0  51.259262 70.500000 0.0 
5.500000 70.500000 0.0  -11.836100 70.500000 0.0  -29.136929 55.000000 0.0  34.000000 55.000000 0.0 
34.000000 55.000000 0.0  -29.136929 55.000000 0.0  -44.205395 41.500000 0.0  35.500000 41.500000 0.0 
35.500000 41.500000 0.0  -44.205395 41.500000 0.0  -50.344398 36.000000 0.0  43.000000 36.000000 0.0 
43.000000 36.000000 0.0  -50.344398 36.000000 0.0  -53.134853 33.500000 0.0  35.954544 33.500000 0.0 
-41.500000 33.500000 0.0  -53.134853 33.500000 0.0  -66.250000 21.750000 0.0  -66.250000 21.750000 0.0 
-41.500000 33.500000 0.0  -41.500000 33.500000 0.0  -59.404255 25.000000 0.0  12.000000 25.000000 0.0 
55.735294 25.000000 0.0  -59.404255 25.000000 0.0  -66.250000 21.750000 0.0  57.551472 21.750000 0.0 
35.954544 33.500000 0.0  -41.500000 33.500000 0.0  12.000000 25.000000 0.0  12.000000 25.000000 0.0 
5.500000 70.500000 0.0  5.500000 70.500000 0.0  34.000000 55.000000 0.0  35.925926 55.000000 0.0 
35.925926 55.000000 0.0  34.000000 55.000000 0.0  35.000000 46.000000 0.0  53.592594 46.000000 0.0 
44.000000 46.000000 0.0  35.000000 46.000000 0.0  35.500000 41.500000 0.0  46.514706 41.500000 0.0 
46.514706 41.500000 0.0  35.500000 41.500000 0.0  43.000000 36.000000 0.0  49.588234 36.000000 0.0 
49.588234 36.000000 0.0  43.000000 36.000000 0.0  12.000000 25.000000 0.0  55.735294 25.000000 0.0 
44.000000 46.000000 0.0  44.000000 46.000000 0.0  47.352940 40.000000 0.0  55.000000 40.000000 0.0 
55.000000 40.000000 0.0  47.352940 40.000000 0.0  52.941177 30.000000 0.0  85.000000 30.000000 0.0 
94.818184 30.000000 0.0  52.941177 30.000000 0.0  54.897057 26.500000 0.0  93.863640 26.500000 0.0 
72.500000 26.500000 0.0  54.897057 26.500000 0.0  62.301468 13.250000 0.0  76.750000 13.250000 0.0 
76.750000 13.250000 0.0  62.301468 13.250000 0.0  63.000000 12.000000 0.0  76.333336 12.000000 0.0 
76.333336 12.000000 0.0  63.000000 12.000000 0.0  65.400002 8.000000 0.0  75.000000 8.000000 0.0 
75.000000 8.000000 0.0  65.400002 8.000000 0.0  69.000000 2.000000 0.0  69.000000 2.000000 0.0 
72.500000 26.500000 0.0  72.500000 26.500000 0.0  76.750000 13.250000 0.0  82.052322 13.250000 0.0 
82.052322 13.250000 0.0  76.750000 13.250000 0.0  75.000000 8.000000 0.0  85.837212 8.000000 0.0 
85.837212 8.000000 0.0  75.000000 8.000000 0.0  72.000000 5.000000 0.0  88.000000 5.000000 0.0 
96.500000 5.000000 0.0  72.000000 5.000000 0.0  69.000000 2.000000 0.0  96.500000 2.000000 0.0 
93.863640 26.500000 0.0  72.500000 26.500000 0.0  88.000000 5.000000 0.0  88.000000 5.000000 0.0 
53.592594 46.000000 0.0  44.000000 46.000000 0.0  55.000000 40.000000 0.0  65.370369 40.000000 0.0 
65.370369 40.000000 0.0  55.000000 40.000000 0.0  85.000000 30.000000 0.0  85.000000 30.000000 0.0 
51.259262 70.500000 0.0  5.500000 70.500000 0.0  41.814816 52.000000 0.0  91.000000 52.000000 0.0 
91.000000 52.000000 0.0  41.814816 52.000000 0.0  80.092590 32.500000 0.0  95.500000 32.500000 0.0 
95.500000 32.500000 0.0  80.092590 32.500000 0.0  85.000000 30.000000 0.0  94.818184 30.000000 0.0 
96.500000 82.000000 0.0  1.000000 82.000000 0.0  33.000000 79.000000 0.0  96.500000 79.000000 0.0 
96.500000 79.000000 0.0  33.000000 79.000000 0.0  91.000000 52.000000 0.0  96.500000 52.000000 0.0 
96.500000 52.000000 0.0  91.000000 52.000000 0.0  95.500000 32.500000 0.0  96.500000 32.500000 0.0 
96.500000 32.500000 0.0  95.500000 32.500000 0.0  88.000000 5.000000 0.0  96.500000 5.000000 0.0 
decomposition:
1.000000 82.000000 0.0  1.000000 82.000000 0.0  -2.348548 79.000000 0.0  33.000000 79.000000 0.0 
33.000000 79.000000 0.0  -2.348548 79.000000 0.0  -11.836100 70.500000 0.0  51.259262 70.500000 0.0 
5.500000 70.500000 0.0  -11.836100 70.500000 0.0  -29.136929 55.000000 0.0  34.000000 55.000000 0.0 
34.000000 55.000000 0.0  -29.136929 55.000000 0.0  -44.205395 41.500000 0.0  35.500000 41.500000 0.0 
35.500000 41.500000 0.0  -44.205395 41.500000 0.0  -50.344398 36.000000 0.0  43.000000 36.000000 0.0 
43.000000 36.000000 0.0  -50.344398 36.000000 0.0  -53.134853 33.500000 0.0  35.954544 33.500000 0.0 
-41.500000 33.500000 0.0  -53.134853 33.500000 0.0  -66.250000 21.750000 0.0  -66.250000 21.750000 0.0 
35.954544 33.500000 0.0  -41.500000 33.500000 0.0  12.000000 25.000000 0.0  12.000000 25.000000 0.0 
51.259262 70.500000 0.0  5.500000 70.500000 0.0  41.814816 52.000000 0.0  91.000000 52.000000 0.0 
91.000000 52.000000 0.0  41.814816 52.000000 0.0  80.092590 32.500000 0.0  95.500000 32.500000 0.0 
95.500000 32.500000 0.0  80.092590 32.500000 0.0  85.000000 30.000000 0.0  94.818184 30.000000 0.0 
94.818184 30.000000 0.0  52.941177 30.000000 0.0  54.897057 26.500000 0.0  93.863640 26.500000 0.0 
72.500000 26.500000 0.0  54.897057 26.500000 0.0  62.301468 13.250000 0.0  76.750000 13.250000 0.0 
76.750000 13.250000 0.0  62.301468 13.250000 0.0  63.000000 12.000000 0.0  76.333336 12.000000 0.0 
76.333336 12.000000 0.0  63.000000 12.000000 0.0  65.400002 8.000000 0.0  75.000000 8.000000 0.0 
75.000000 8.000000 0.0  65.400002 8.000000 0.0  69.000000 2.000000 0.0  69.000000 2.000000 0.0 
93.863640 26.500000 0.0  72.500000 26.500000 0.0  88.000000 5.000000 0.0  88.000000 5.000000 0.0 
55.000000 40.000000 0.0  47.352940 40.000000 0.0  52.941177 30.000000 0.0  85.000000 30.000000 0.0 
44.000000 46.000000 0.0  44.000000 46.000000 0.0  47.352940 40.000000 0.0  55.000000 40.000000 0.0 
